Species	Year	Number	NumNormal
COHA	1972	8	0.1860
COHA	1973	3	0.0517
COHA	1974	10	0.1250
COHA	1975	5	0.0781
COHA	1976	11	0.1068
COHA	1977	10	0.1639
COHA	1978	5	0.0694
COHA	1979	10	0.1639
COHA	1980	10	0.1087
COHA	1981	6	0.0833
COHA	1982	11	0.1068
COHA	1983	9	0.1343
COHA	1984	15	0.1724
COHA	1985	13	0.1333
COHA	1986	11	0.1222
COHA	1987	14	0.1944
COHA	1988	13	0.1912
COHA	1989	8	0.1270
COHA	1990	13	0.1781
COHA	1991	8	0.1250
COHA	1992	5	0.0781
COHA	1993	4	0.0615
COHA	1994	11	0.1410
COHA	1995	6	0.0833
COHA	1996	14	0.1573
COHA	1997	10	0.1429
COHA	1998	17	0.1889
COHA	1999	10	0.1064
COHA	2000	14	0.1609
COHA	2001	20	0.1418
COHA	2002	17	0.2000
COHA	2003	16	0.1455
COHA	2004	8	0.0650
COHA	2005	17	0.1214
COHA	2006	20	0.1575
COHA	2007	11	0.0821
COHA	2008	16	0.1569
COHA	2009	8	0.0792
COHA	2010	11	0.1117
COHA	2011	13	0.1102
COHA	2012	16	0.1422
COHA	2013	8	0.0661
COHA	2014	17	0.1079
COHA	2015	17	0.0954
COHA	2016	14	0.1136
COHA	2017	21	0.1200
COHA	2018	12	0.1020
COHA	2019	14	0.1067
COHA	2020	24	0.1209
SPTO	1972	48	1.1163
SPTO	1973	16	0.2759
SPTO	1974	33	0.4125
SPTO	1975	34	0.5313
SPTO	1976	92	0.8932
SPTO	1977	68	1.1148
SPTO	1978	22	0.3056
SPTO	1979	90	1.4754
SPTO	1980	60	0.6522
SPTO	1981	51	0.7083
SPTO	1982	72	0.6990
SPTO	1983	84	1.2537
SPTO	1984	69	0.7931
SPTO	1985	73	0.7487
SPTO	1986	42	0.4667
SPTO	1987	87	1.2083
SPTO	1988	44	0.6471
SPTO	1989	116	1.8413
SPTO	1990	104	1.4247
SPTO	1991	52	0.8125
SPTO	1992	34	0.5313
SPTO	1993	36	0.5538
SPTO	1994	69	0.8846
SPTO	1995	36	0.5000
SPTO	1996	46	0.5169
SPTO	1997	53	0.7571
SPTO	1998	77	0.8556
SPTO	1999	184	1.9574
SPTO	2000	75	0.8621
SPTO	2001	118	0.8369
SPTO	2002	78	0.9176
SPTO	2003	42	0.3818
SPTO	2004	37	0.3008
SPTO	2005	116	0.8286
SPTO	2006	105	0.8268
SPTO	2007	105	0.7836
SPTO	2008	71	0.6961
SPTO	2009	68	0.6733
SPTO	2010	61	0.6193
SPTO	2011	39	0.3305
SPTO	2012	88	0.7822
SPTO	2013	73	0.6033
SPTO	2014	64	0.4061
SPTO	2015	118	0.6622
SPTO	2016	72	0.5844
SPTO	2017	65	0.3714
SPTO	2018	49	0.4163
SPTO	2019	35	0.2668
SPTO	2020	113	0.5694
YRWA	1972	80	1.8605
YRWA	1973	266	4.5862
YRWA	1974	294	3.6750
YRWA	1975	316	4.9375
YRWA	1976	811	7.8738
YRWA	1977	492	8.0656
YRWA	1978	500	6.9444
YRWA	1979	711	11.6557
YRWA	1980	646	7.0217
YRWA	1981	1050	14.5833
YRWA	1982	3100	30.0971
YRWA	1983	1364	20.3582
YRWA	1984	1298	14.9195
YRWA	1985	1408	14.4410
YRWA	1986	1298	14.4222
YRWA	1987	1310	18.1944
YRWA	1988	1149	16.8971
YRWA	1989	1623	25.7619
YRWA	1990	1600	21.9178
YRWA	1991	810	12.6563
YRWA	1992	886	13.8438
YRWA	1993	1282	19.7231
YRWA	1994	1150	14.7436
YRWA	1995	1045	14.5139
YRWA	1996	1023	11.4944
YRWA	1997	1260	18.0000
YRWA	1998	1472	16.3556
YRWA	1999	3095	32.9255
YRWA	2000	1688	19.4023
YRWA	2001	2965	21.0284
YRWA	2002	1192	14.0235
YRWA	2003	775	7.0455
YRWA	2004	876	7.1220
YRWA	2005	1434	10.2429
YRWA	2006	1126	8.8661
YRWA	2007	1666	12.4328
YRWA	2008	1337	13.1078
YRWA	2009	1480	14.6535
YRWA	2010	1159	11.7665
YRWA	2011	1193	10.1102
YRWA	2012	1293	11.4933
YRWA	2013	1055	8.7190
YRWA	2014	1077	6.8338
YRWA	2015	1262	7.0819
YRWA	2016	795	6.4529
YRWA	2017	1116	6.3771
YRWA	2018	780	6.6270
YRWA	2019	773	5.8918
YRWA	2020	1089	5.4870
ACWO	1972	40	0.9302
ACWO	1973	17	0.2931
ACWO	1974	27	0.3375
ACWO	1975	13	0.2031
ACWO	1976	62	0.6019
ACWO	1977	47	0.7705
ACWO	1978	23	0.3194
ACWO	1979	74	1.2131
ACWO	1980	66	0.7174
ACWO	1981	32	0.4444
ACWO	1982	87	0.8447
ACWO	1983	40	0.5970
ACWO	1984	109	1.2529
ACWO	1985	119	1.2205
ACWO	1986	69	0.7667
ACWO	1987	77	1.0694
ACWO	1988	79	1.1618
ACWO	1989	159	2.5238
ACWO	1990	147	2.0137
ACWO	1991	114	1.7813
ACWO	1992	93	1.4531
ACWO	1993	204	3.1385
ACWO	1994	136	1.7436
ACWO	1995	64	0.8889
ACWO	1996	73	0.8202
ACWO	1997	119	1.7000
ACWO	1998	141	1.5667
ACWO	1999	278	2.9574
ACWO	2000	177	2.0345
ACWO	2001	187	1.3262
ACWO	2002	272	3.2000
ACWO	2003	158	1.4364
ACWO	2004	146	1.1870
ACWO	2005	147	1.0500
ACWO	2006	142	1.1181
ACWO	2007	220	1.6418
ACWO	2008	207	2.0294
ACWO	2009	297	2.9406
ACWO	2010	159	1.6142
ACWO	2011	161	1.3644
ACWO	2012	182	1.6178
ACWO	2013	165	1.3636
ACWO	2014	227	1.4404
ACWO	2015	236	1.3244
ACWO	2016	200	1.6234
ACWO	2017	255	1.4571
ACWO	2018	284	2.4129
ACWO	2019	173	1.3186
ACWO	2020	240	1.2093